image: lab_bad.pgm
resolution: 0.020000
origin: [-17.160000, -19.720000, 0.000000]
negate: 0
occupied_thresh: 0.65
free_thresh: 0.196

